&control
 run_name = 'LL_w2_t950_B'
 job_type = '2D',
 restart_mode = 'from_scratch',
 formatted_output = .TRUE.
 time =  0.00,
 tstop = 800.0,
 dt    = 0.01,
 tpr   = 1.0,
 tdump = 5.0,
 lpr = 2
 max_seconds = 1.D10
/

&model
 iss = 0,
 repulsive_model = 1,
 iturb = 2
/

&mesh
  nx = 186,
  nz = 251,
  itc = 1,
  iuni = 0
/

&boundaries
  immb = 0,
  east = 4,
  west = 2,
  bottom = 3,
  top = 4
/

&topography
 itp = 0
/

&inlet
/

&dome
/

&atmosphere
/

&particles
  nsolid = 2, 
  diameter = 30., 500.
  density = 2800., 1000.,
  sphericity = 1.0, 1.0,
  viscosity = 0.5,  1.0,
  specific_heat = 1.2D3, 1.2D3, 
  thermal_conductivity = 2.0D0, 2.0D0
/

&numeric
  rungekut = 1,
  muscl = 0,
  omega = 1.,
  maxout = 500,
  update_eosg = .TRUE.
/

'MESH'
0.75D1, 0.75D1, 1.D1, 1.D1, 1.D1, 1.D1, 1.D1, 1.D1, 1.D1, 1.D1, 1.D1,
1.D1, 1.D1, 1.D1, 1.D1, 1.D1, 1.D1, 1.D1, 1.D1, 1.D1, 1.D1,
1.D1, 1.D1, 1.D1, 1.D1, 1.D1, 1.D1, 1.D1, 1.D1, 1.D1, 1.D1,
1.D1, 1.D1, 1.D1, 1.D1, 1.D1, 1.D1, 1.D1, 1.D1, 1.D1, 1.D1,
1.D1, 1.D1, 1.D1, 1.D1, 1.D1, 1.D1, 1.D1, 1.D1, 1.D1, 1.D1,
2.D1, 2.D1, 2.D1, 2.D1, 2.D1, 3.D1, 3.D1, 3.D1, 3.D1, 3.D1,
4.D1, 4.D1, 4.D1, 4.D1, 4.D1, 5.D1, 5.D1, 5.D1, 5.D1, 5.D1,
6.D1, 6.D1, 6.D1, 6.D1, 6.D1, 7.D1, 7.D1, 7.D1, 7.D1, 7.D1,
8.D1, 8.D1, 8.D1, 8.D1, 8.D1, 9.D1, 9.D1, 9.D1, 9.D1, 9.D1,
1.D2, 1.D2, 1.D2, 1.D2, 1.D2, 1.D2, 1.D2, 1.D2, 1.D2, 1.D2,
1.D2, 1.D2, 1.D2, 1.D2, 1.D2, 1.D2, 1.D2, 1.D2, 1.D2, 1.D2,
1.D2, 1.D2, 1.D2, 1.D2, 1.D2, 1.D2, 1.D2, 1.D2, 1.D2, 1.D2,
1.D2, 1.D2, 1.D2, 1.D2, 1.D2, 1.D2, 1.D2, 1.D2, 1.D2, 1.D2,
1.D2, 1.D2, 1.D2, 1.D2, 1.D2, 1.D2, 1.D2, 1.D2, 1.D2, 1.D2,
1.D2, 1.D2, 1.D2, 1.D2, 1.D2, 1.D2, 1.D2, 1.D2, 1.D2, 1.D2,
1.D2, 1.D2, 1.D2, 1.D2, 1.D2, 1.D2, 1.D2, 1.D2, 1.D2, 1.D2,
1.D2, 1.D2, 1.D2, 1.D2, 1.D2, 1.D2, 1.D2, 1.D2, 1.D2, 1.D2,
1.D2, 1.D2, 1.D2, 1.D2, 1.D2, 1.D2, 1.D2, 1.D2, 1.D2, 1.D2,
1.D2, 1.D2, 1.D2, 1.D2, 1.D2
1.D1, 1.D1, 1.D1, 1.D1, 1.D1, 1.D1, 1.D1, 1.D1, 1.D1, 1.D1, 1.D1,
1.D1, 1.D1, 1.D1, 1.D1, 1.D1, 1.D1, 1.D1, 1.D1, 1.D1, 1.D1,
1.D1, 1.D1, 1.D1, 1.D1, 1.D1, 1.D1, 1.D1, 1.D1, 1.D1, 1.D1,
1.D1, 1.D1, 1.D1, 1.D1, 1.D1, 1.D1, 1.D1, 1.D1, 1.D1, 1.D1,
1.D1, 1.D1, 1.D1, 1.D1, 1.D1, 1.D1, 1.D1, 1.D1, 1.D1, 1.D1,
1.D1, 1.D1, 1.D1, 1.D1, 1.D1, 1.D1, 1.D1, 1.D1, 1.D1, 1.D1,
1.D1, 1.D1, 1.D1, 1.D1, 1.D1, 1.D1, 1.D1, 1.D1, 1.D1, 1.D1,
1.D1, 1.D1, 1.D1, 1.D1, 1.D1, 1.D1, 1.D1, 1.D1, 1.D1, 1.D1,
1.D1, 1.D1, 1.D1, 1.D1, 1.D1, 1.D1, 1.D1, 1.D1, 1.D1, 1.D1,
1.D1, 1.D1, 1.D1, 1.D1, 1.D1, 1.D1, 1.D1, 1.D1, 1.D1, 1.D1,
1.D1, 1.D1, 1.D1, 1.D1, 1.D1, 1.D1, 1.D1, 1.D1, 1.D1, 1.D1,
1.D1, 1.D1, 1.D1, 1.D1, 1.D1, 1.D1, 1.D1, 1.D1, 1.D1, 1.D1,
2.D1, 2.D1, 2.D1, 2.D1, 2.D1, 3.D1, 3.D1, 3.D1, 3.D1, 3.D1,
4.D1, 4.D1, 4.D1, 4.D1, 4.D1, 5.D1, 5.D1, 5.D1, 5.D1, 5.D1,
6.D1, 6.D1, 6.D1, 6.D1, 6.D1, 7.D1, 7.D1, 7.D1, 7.D1, 7.D1,
8.D1, 8.D1, 8.D1, 8.D1, 8.D1, 9.D1, 9.D1, 9.D1, 9.D1, 9.D1,
1.D2, 1.D2, 1.D2, 1.D2, 1.D2, 1.2D2, 1.2D2, 1.2D2, 1.2D2, 1.2D2,
1.4D2, 1.4D2, 1.4D2, 1.4D2, 1.4D2, 1.6D2, 1.6D2, 1.6D2, 1.6D2, 1.6D2,
1.8D2, 1.8D2, 1.8D2, 1.8D2, 1.8D2, 2.D2, 2.D2, 2.D2, 2.D2, 2.D2, 
2.5D2, 2.5D2, 2.5D2, 2.5D2, 2.5D2, 3.D2, 3.D2, 3.D2, 3.D2, 3.D2, 
3.5D2, 3.5D2, 3.5D2, 3.5D2, 3.5D2, 4.D2, 4.D2, 4.D2, 4.D2, 4.D2, 
4.5D2, 4.5D2, 4.5D2, 4.5D2, 4.5D2, 5.D2, 5.D2, 5.D2, 5.D2, 5.D2, 
6.D2, 6.D2, 6.D2, 6.D2, 6.D2, 7.D2, 7.D2, 7.D2, 7.D2, 7.D2, 
8.D2, 8.D2, 8.D2, 8.D2, 8.D2, 9.D2, 9.D2, 9.D2, 9.D2, 9.D2, 
1.D3, 1.D3, 1.D3, 1.D3, 1.D3, 1.D3, 1.D3, 1.D3, 1.D3, 1.D3

'FIXED_FLOWS'
106
5, 2, 7, 98, 98
0.0, 137.10, 17.0D5, 0.9069, 1223.0
0.0, 137.10, 0.0245, 1223.0
0.0, 137.10, 0.0686, 1223.0
0.0, 0.0, 0.0, 0.0, 1.0, 0.0, 0.0  
3, 1, 7, 1, 97
3, 8, 8, 1, 99
3, 9, 9, 1, 100
3, 10, 10, 1, 101
3, 11, 11, 1, 102
3, 12, 12, 1, 103
3, 13, 13, 1, 104
3, 14, 14, 1, 105
3, 15, 15, 1, 106
3, 16, 16, 1, 107
3, 17, 17, 1, 108
3, 18, 18, 1, 109
3, 19, 19, 1, 110
3, 20, 20, 1, 111
3, 21, 21, 1, 112
3, 22, 22, 1, 113
3, 23, 23, 1, 114
3, 24, 24, 1, 115
3, 25, 25, 1, 116
3, 26, 26, 1, 117
3, 27, 27, 1, 118
3, 28, 29, 1, 120
3, 30, 31, 1, 122
3, 32, 33, 1, 123
3, 34, 35, 1, 122
3, 36, 39, 1, 121
3, 40, 42, 1, 120
3, 43, 45, 1, 119
3, 46, 48, 1, 118
3, 49, 51, 1, 117
3, 52, 52, 1, 116
3, 53, 53, 1, 115
3, 54, 54, 1, 114
3, 55, 55, 1, 113
3, 56, 56, 1, 112
3, 57, 57, 1, 111
3, 58, 58, 1, 110
3, 59, 59, 1, 108
3, 60, 60, 1, 107
3, 61, 61, 1, 105
3, 62, 62, 1, 103
3, 63, 63, 1, 101
3, 64, 64, 1, 99
3, 65, 65, 1, 96
3, 66, 67, 1, 94
3, 68, 69, 1, 92
3, 70, 71, 1, 91
3, 72, 73, 1, 90
3, 74, 74, 1, 89
3, 75, 75, 1, 90
3, 76, 76, 1, 91
3, 77, 77, 1, 97
3, 78, 78, 1, 104
3, 79, 79, 1, 111
3, 80, 80, 1, 114
3, 81, 81, 1, 108
3, 82, 83, 1, 101
3, 84, 84, 1, 96
3, 85, 85, 1, 91
3, 86, 86, 1, 88
3, 87, 87, 1, 84
3, 88, 88, 1, 81
3, 89, 89, 1, 76
3, 90, 90, 1, 71
3, 91, 91, 1, 66
3, 92, 92, 1, 61
3, 93, 93, 1, 57
3, 94, 94, 1, 54
3, 95, 95, 1, 51
3, 96, 96, 1, 47
3, 97, 97, 1, 44
3, 98, 98, 1, 41
3, 99, 99, 1, 39
3, 100, 100, 1, 37
3, 101, 101, 1, 35
3, 102, 102, 1, 33
3, 103, 103, 1, 32
3, 104, 104, 1, 31
3, 105, 105, 1, 30
3, 106, 106, 1, 29
3, 107, 107, 1, 28
3, 107, 108, 1, 27
3, 109, 109, 1, 26
3, 110, 110, 1, 25
3, 111, 111, 1, 24
3, 112, 112, 1, 23
3, 113, 113, 1, 22
3, 114, 115, 1, 21
3, 116, 117, 1, 20
3, 118, 119, 1, 19
3, 120, 120, 1, 18
3, 121, 122, 1, 17
3, 123, 124, 1, 16
3, 125, 126, 1, 15
3, 127, 128, 1, 14
3, 129, 131, 1, 13
3, 132, 136, 1, 12
3, 137, 141, 1, 11
3, 142, 146, 1, 10
3, 147, 151, 1, 9
3, 152, 156, 1, 8
3, 157, 161, 1, 7
3, 162, 166, 1, 6
3, 167, 171, 1, 5
3, 172, 186, 1, 4
