
&control
 run_name = 'MS_op10_w43_p3'
 job_type = '2D',
 restart_mode = 'from_scratch',
 time =  0.00,
 tstop = 200.0,
 dt    = 0.01,
 tpr   = 1.00,
 tdump = 10.0,
 imr = 1
/

&model
 iss = 0,
 repulsive_model = 1,
 iturb = 1,
 rlim = 1.D-8,
 ngas = 2
/

&mesh
  nx = 197,
  nz = 262,
  itc = 1,
  iuni = 0,
  zzero = -400.
/

&boundaries
/

&inlet
/

&atmosphere
/

&particles
  nsolid = 3, 
  diameter = 30., 2000., 5000.,
  density = 2600., 2600., 2600.,
  sphericity = 1.0, 1.0, 1.0,
  viscosity = 1.0,  1.0, 1.0,
  specific_heat = 1.2D3, 1.2D3, 1.2D3,
  thermal_conductivity = 2.2D0, 2.2D0, 2.2D0
/

&numeric
  rungekut = 1,
  muscl = 0,
  omega = 1.25
/

'ROUGHNESS'
2, 1.D0, 2.D0, 5.D3

'MESH'

0.75D1, 0.75D1, 0.75D1, 1.D1, 1.D1, 1.D1, 1.D1, 1.D1, 1.D1, 1.D1,
1.D1, 1.D1, 1.D1, 1.D1, 1.D1, 1.D1, 1.D1, 1.D1, 1.D1, 1.D1,
1.D1, 1.D1, 1.D1, 1.D1, 1.D1, 1.D1, 1.D1, 1.D1, 1.D1, 1.D1,
1.D1, 1.D1, 1.D1, 1.D1, 1.D1, 1.D1, 1.D1, 1.D1, 1.D1, 1.D1,
1.D1, 1.D1, 1.D1, 1.D1, 1.D1, 1.D1, 1.D1, 1.D1, 1.D1, 1.D1,
1.D1, 1.D1, 1.D1, 1.D1, 1.D1, 1.D1, 1.D1, 1.D1, 1.D1, 1.D1,
1.D1, 1.D1, 1.D1, 1.D1, 1.D1, 1.D1, 1.D1, 1.D1, 1.D1, 1.D1,
1.D1, 1.D1, 1.D1, 1.D1, 1.D1, 1.D1, 1.D1, 1.D1, 1.D1, 1.D1,
1.D1, 1.D1, 1.D1, 1.D1, 1.D1, 1.D1, 1.D1, 1.D1, 1.D1, 1.D1,
1.D1, 1.D1, 1.D1, 1.D1, 1.D1, 1.D1, 1.D1, 1.D1, 1.D1, 1.D1,
1.D1, 1.D1,
1.5D1, 1.5D1, 1.5D1, 1.5D1, 1.5D1, 1.5D1,
2.0D1, 2.0D1, 2.0D1, 2.0D1, 2.0D1, 2.0D1, 2.0D1, 2.0D1, 2.0D1, 2.0D1,
2.0D1, 2.0D1, 2.0D1, 2.0D1, 2.0D1, 2.0D1, 2.0D1, 2.0D1, 2.0D1, 2.0D1,
3.0D1, 3.0D1, 3.0D1, 3.0D1, 3.0D1, 3.0D1, 3.0D1, 3.0D1, 3.0D1, 3.0D1,
3.0D1, 3.0D1, 3.0D1, 3.0D1, 3.0D1, 3.0D1, 3.0D1, 3.0D1, 3.0D1, 3.0D1,
4.0D1, 4.0D1, 4.0D1, 4.0D1, 4.0D1, 4.0D1, 4.0D1, 4.0D1
4.0D1, 4.0D1, 4.0D1, 4.0D1, 4.0D1, 4.0D1, 4.0D1, 4.0D1, 4.0D1, 4.0D1,
4.0D1, 4.0D1, 4.0D1, 4.0D1, 4.0D1, 4.0D1, 4.0D1, 4.0D1, 4.0D1, 4.0D1,
4.0D1, 4.0D1, 4.0D1, 4.0D1, 4.0D1, 4.0D1, 4.0D1, 4.0D1, 4.0D1, 4.0D1,
4.0D1, 4.0D1, 4.0D1, 4.0D1, 4.0D1, 4.0D1, 4.0D1, 4.0D1, 4.0D1, 4.0D1, 4.0D1

1.D1, 1.D1, 1.D1, 1.D1, 1.D1, 1.D1, 1.D1, 1.D1, 1.D1, 1.D1, 1.D1,
1.D1, 1.D1, 1.D1, 1.D1, 1.D1, 1.D1, 1.D1, 1.D1, 1.D1, 1.D1,
1.D1, 1.D1, 1.D1, 1.D1, 1.D1, 1.D1, 1.D1, 1.D1, 1.D1, 1.D1,
1.D1, 1.D1, 1.D1, 1.D1, 1.D1, 1.D1, 1.D1, 1.D1, 1.D1, 1.D1,
1.D1, 1.D1, 1.D1, 1.D1, 1.D1, 1.D1, 1.D1, 1.D1, 1.D1, 1.D1,
1.D1, 1.D1, 1.D1, 1.D1, 1.D1, 1.D1, 1.D1, 1.D1, 1.D1, 1.D1,
1.D1, 1.D1, 1.D1, 1.D1, 1.D1, 1.D1, 1.D1, 1.D1, 1.D1, 1.D1,
1.D1, 1.D1, 1.D1, 1.D1, 1.D1, 1.D1, 1.D1, 1.D1, 1.D1, 1.D1,
1.D1, 1.D1, 1.D1, 1.D1, 1.D1, 1.D1, 1.D1, 1.D1, 1.D1, 1.D1,
1.D1, 1.D1, 1.D1, 1.D1, 1.D1, 1.D1, 1.D1, 1.D1, 1.D1, 1.D1,
1.D1, 1.D1, 1.D1, 1.D1, 1.D1, 1.D1, 1.D1, 1.D1, 1.D1, 1.D1,
1.D1, 1.D1, 1.D1, 1.D1, 1.D1, 1.D1, 1.D1, 1.D1, 1.D1, 1.D1,
1.D1, 1.D1, 1.D1, 1.D1, 1.D1, 1.D1, 1.D1, 1.D1, 1.D1, 1.D1,
1.D1, 1.D1, 1.D1, 1.D1, 1.D1, 1.D1, 1.D1, 1.D1, 1.D1, 1.D1,
1.D1, 1.D1, 1.D1, 1.D1, 1.D1, 1.D1, 1.D1, 1.D1, 1.D1, 1.D1,
1.D1, 1.D1, 1.D1, 1.D1, 1.D1, 1.D1, 1.D1, 1.D1, 1.D1, 1.D1,
1.D1, 1.D1, 1.D1, 1.D1, 1.D1, 1.D1, 1.D1, 1.D1, 1.D1, 1.D1,
1.D1, 1.D1, 1.D1, 1.D1, 1.D1, 1.D1, 1.D1, 1.D1, 1.D1, 1.D1,
1.5D1, 1.5D1, 1.5D1, 1.5D1, 1.5D1, 1.5D1, 1.5D1, 1.5D1, 1.5D1, 1.5D1,
1.5D1, 1.5D1, 1.5D1, 1.5D1, 1.5D1, 1.5D1, 1.5D1, 1.5D1, 1.5D1, 1.5D1,
2.0D1, 2.0D1, 2.0D1, 2.0D1, 2.0D1, 2.0D1, 2.0D1, 2.0D1, 2.0D1, 2.0D1,
2.0D1, 2.0D1, 2.0D1, 2.0D1, 2.0D1, 2.0D1, 2.0D1, 2.0D1, 2.0D1, 2.0D1,
3.0D1, 3.0D1, 3.0D1, 3.0D1, 3.0D1, 3.0D1, 3.0D1, 3.0D1, 3.0D1, 3.0D1,
3.0D1, 3.0D1, 3.0D1, 3.0D1, 3.0D1, 3.0D1, 3.0D1, 3.0D1, 3.0D1, 3.0D1,
4.0D1, 4.0D1, 4.0D1, 4.0D1, 4.0D1, 4.0D1, 4.0D1, 4.0D1, 4.0D1, 4.0D1,
4.0D1, 4.0D1, 4.0D1, 4.0D1, 4.0D1, 4.0D1, 4.0D1, 4.0D1, 4.0D1, 4.0D1, 4.0D1

'FIXED_FLOWS'
183
 1 2 3 130 130
 .0 .0 2116875.D-1 .1346154 1130.0
 .0 .0 .0 1130.0
 .0 .0 .0 1130.0
 .0 .0 .8653846 1130.0
 .0 .0 .0 .0 .0 1.0 .0
 1 2 3 129 129
 .0 .0 4324125.D-1 .1346154 1130.0
 .0 .0 .0 1130.0
 .0 .0 .0 1130.0
 .0 .0 .8653846 1130.0
 .0 .0 .0 .0 .0 1.0 .0
 1 2 3 128 128
 .0 .0 1.05978E+07 .5731757 1130.0
 .0 .0 .1280473 1130.0
 .0 .0 .298777 1130.0
 .0 .0 .0 1130.0
 .0 .0 .0 .0 1.0 .0 .0
 1 2 3 127 127
 .0 .0 1.07082E+07 .5700585 1130.0
 .0 .0 .1289825 1130.0
 .0 .0 .3009591 1130.0
 .0 .0 .0 1130.0
 .0 .0 .0 .0 1.0 .0 .0
 1 2 3 126 126
 .0 .0 1.08194E+07 .5669411 1130.0
 .0 .0 .1299177 1130.0
 .0 .0 .3031412 1130.0
 .0 .0 .0 1130.0
 .0 .0 .0 .0 1.0 .0 .0
 1 2 3 125 125
 .0 .0 1.09314E+07 .5638239 1130.0
 .0 .0 .1308528 1130.0
 .0 .0 .3053233 1130.0
 .0 .0 .0 1130.0
 .0 .0 .0 .0 1.0 .0 .0
 1 2 3 124 124
 .0 .0 1.10442E+07 .560707 1130.0
 .0 .0 .1317879 1130.0
 .0 .0 .3075051 1130.0
 .0 .0 .0 1130.0
 .0 .0 .0 .0 1.0 .0 .0
 1 2 3 123 123
 .0 .0 1.11578E+07 .5575908 1130.0
 .0 .0 .1327228 1130.0
 .0 .0 .3096864 1130.0
 .0 .0 .0 1130.0
 .0 .0 .0 .0 1.0 .0 .0
 1 2 3 122 122
 .0 .0 1.12722E+07 .5544757 1130.0
 .0 .0 .1336573 1130.0
 .0 .0 .311867 1130.0
 .0 .0 .0 1130.0
 .0 .0 .0 .0 1.0 .0 .0
 1 2 3 121 121
 .0 .0 1.13874E+07 .5513618 1130.0
 .0 .0 .1345915 1130.0
 .0 .0 .3140467 1130.0
 .0 .0 .0 1130.0
 .0 .0 .0 .0 1.0 .0 .0
 1 2 3 120 120
 .0 .0 1.15035E+07 .5482495 1130.0
 .0 .0 .1355252 1130.0
 .0 .0 .3162253 1130.0
 .0 .0 .0 1130.0
 .0 .0 .0 .0 1.0 .0 .0
 1 2 3 119 119
 .0 .0 1.16203E+07 .5451391 1130.0
 .0 .0 .1364583 1130.0
 .0 .0 .3184027 1130.0
 .0 .0 .0 1130.0
 .0 .0 .0 .0 1.0 .0 .0
 1 2 3 118 118
 .0 .0 1.17379E+07 .5420308 1130.0
 .0 .0 .1373908 1130.0
 .0 .0 .3205784 1130.0
 .0 .0 .0 1130.0
 .0 .0 .0 .0 1.0 .0 .0
 1 2 3 117 117
 .0 .0 1.18563E+07 .5389249 1130.0
 .0 .0 .1383225 1130.0
 .0 .0 .3227526 1130.0
 .0 .0 .0 1130.0
 .0 .0 .0 .0 1.0 .0 .0
 1 2 3 116 116
 .0 .0 1.19755E+07 .5358217 1130.0
 .0 .0 .1392535 1130.0
 .0 .0 .3249249 1130.0
 .0 .0 .0 1130.0
 .0 .0 .0 .0 1.0 .0 .0
 1 2 3 115 115
 .0 .0 1.20955E+07 .5327215 1130.0
 .0 .0 .1401836 1130.0
 .0 .0 .327095 1130.0
 .0 .0 .0 1130.0
 .0 .0 .0 .0 1.0 .0 .0
 1 2 3 114 114
 .0 .0 1.22163E+07 .5296244 1130.0
 .0 .0 .1411127 1130.0
 .0 .0 .3292629 1130.0
 .0 .0 .0 1130.0
 .0 .0 .0 .0 1.0 .0 .0
 1 2 3 113 113
 .0 .0 1.23379E+07 .5265309 1130.0
 .0 .0 .1420407 1130.0
 .0 .0 .3314283 1130.0
 .0 .0 .0 1130.0
 .0 .0 .0 .0 1.0 .0 .0
 1 2 3 112 112
 .0 .0 1.24602E+07 .5234412 1130.0
 .0 .0 .1429676 1130.0
 .0 .0 .3335911 1130.0
 .0 .0 .0 1130.0
 .0 .0 .0 .0 1.0 .0 .0
 1 2 3 111 111
 .0 .0 1.25834E+07 .5203556 1130.0
 .0 .0 .1438933 1130.0
 .0 .0 .3357511 1130.0
 .0 .0 .0 1130.0
 .0 .0 .0 .0 1.0 .0 .0
 1 2 3 110 110
 .0 .0 1.27074E+07 .5172742 1130.0
 .0 .0 .1448178 1130.0
 .0 .0 .3379081 1130.0
 .0 .0 .0 1130.0
 .0 .0 .0 .0 1.0 .0 .0
 1 2 3 109 109
 .0 .0 1.28321E+07 .5141973 1130.0
 .0 .0 .1457408 1130.0
 .0 .0 .3400618 1130.0
 .0 .0 .0 1130.0
 .0 .0 .0 .0 1.0 .0 .0
 1 2 3 108 108
 .0 .0 1.29577E+07 .5111254 1130.0
 .0 .0 .1466624 1130.0
 .0 .0 .3422122 1130.0
 .0 .0 .0 1130.0
 .0 .0 .0 .0 1.0 .0 .0
 1 2 3 107 107
 .0 .0 1.30840E+07 .5080584 1130.0
 .0 .0 .1475825 1130.0
 .0 .0 .3443591 1130.0
 .0 .0 .0 1130.0
 .0 .0 .0 .0 1.0 .0 .0
 1 2 3 106 106
 .0 .0 1.32111E+07 .5049969 1130.0
 .0 .0 .1485009 1130.0
 .0 .0 .3465022 1130.0
 .0 .0 .0 1130.0
 .0 .0 .0 .0 1.0 .0 .0
 1 2 3 105 105
 .0 .0 1.33390E+07 .5019408 1130.0
 .0 .0 .1494178 1130.0
 .0 .0 .3486414 1130.0
 .0 .0 .0 1130.0
 .0 .0 .0 .0 1.0 .0 .0
 1 2 3 104 104
 .0 .0 1.34677E+07 .4988906 1130.0
 .0 .0 .1503328 1130.0
 .0 .0 .3507766 1130.0
 .0 .0 .0 1130.0
 .0 .0 .0 .0 1.0 .0 .0
 1 2 3 103 103
 .0 .0 1.35972E+07 .4958465 1130.0
 .0 .0 .1512461 1130.0
 .0 .0 .3529074 1130.0
 .0 .0 .0 1130.0
 .0 .0 .0 .0 1.0 .0 .0
 1 2 3 102 102
 .0 .0 1.37274E+07 .4928086 1130.0
 .0 .0 .1521574 1130.0
 .0 .0 .3550339 1130.0
 .0 .0 .0 1130.0
 .0 .0 .0 .0 1.0 .0 .0
 1 2 3 101 101
 .0 .0 1.38584E+07 .4897773 1130.0
 .0 .0 .1530668 1130.0
 .0 .0 .3571559 1130.0
 .0 .0 .0 1130.0
 .0 .0 .0 .0 1.0 .0 .0
 1 2 3 100 100
 .0 .0 1.39902E+07 .4867527 1130.0
 .0 .0 .1539742 1130.0
 .0 .0 .3592731 1130.0
 .0 .0 .0 1130.0
 .0 .0 .0 .0 1.0 .0 .0
 1 2 3 99 99
 .0 .0 1.41228E+07 .483735 1130.0
 .0 .0 .1548795 1130.0
 .0 .0 .3613855 1130.0
 .0 .0 .0 1130.0
 .0 .0 .0 .0 1.0 .0 .0
 1 2 3 98 98
 .0 .0 1.42562E+07 .4807246 1130.0
 .0 .0 .1557826 1130.0
 .0 .0 .3634928 1130.0
 .0 .0 .0 1130.0
 .0 .0 .0 .0 1.0 .0 .0
 1 2 3 97 97
 .0 .0 1.43903E+07 .4777216 1130.0
 .0 .0 .1566835 1130.0
 .0 .0 .3655949 1130.0
 .0 .0 .0 1130.0
 .0 .0 .0 .0 1.0 .0 .0
 1 2 3 96 96
 .0 .0 1.45252E+07 .4747262 1130.0
 .0 .0 .1575821 1130.0
 .0 .0 .3676916 1130.0
 .0 .0 .0 1130.0
 .0 .0 .0 .0 1.0 .0 .0
 1 2 3 95 95
 .0 .0 1.46608E+07 .4717387 1130.0
 .0 .0 .1584784 1130.0
 .0 .0 .3697829 1130.0
 .0 .0 .0 1130.0
 .0 .0 .0 .0 1.0 .0 .0
 1 2 3 94 94
 .0 .0 1.47972E+07 .4687591 1130.0
 .0 .0 .1593723 1130.0
 .0 .0 .3718686 1130.0
 .0 .0 .0 1130.0
 .0 .0 .0 .0 1.0 .0 .0
 1 2 3 93 93
 .0 .0 1.49344E+07 .4657878 1130.0
 .0 .0 .1602637 1130.0
 .0 .0 .3739485 1130.0
 .0 .0 .0 1130.0
 .0 .0 .0 .0 1.0 .0 .0
 1 2 3 92 92
 .0 .0 1.50724E+07 .462825 1130.0
 .0 .0 .1611525 1130.0
 .0 .0 .3760225 1130.0
 .0 .0 .0 1130.0
 .0 .0 .0 .0 1.0 .0 .0
 1 2 3 91 91
 .0 .0 1.52111E+07 .4598708 1130.0
 .0 .0 .1620388 1130.0
 .0 .0 .3780904 1130.0
 .0 .0 .0 1130.0
 .0 .0 .0 .0 1.0 .0 .0
 1 2 3 90 90
 .0 .0 1.53505E+07 .4569255 1130.0
 .0 .0 .1629224 1130.0
 .0 .0 .3801522 1130.0
 .0 .0 .0 1130.0
 .0 .0 .0 .0 1.0 .0 .0
 1 2 3 89 89
 .0 .0 1.54907E+07 .4539891 1130.0
 .0 .0 .1638033 1130.0
 .0 .0 .3822076 1130.0
 .0 .0 .0 1130.0
 .0 .0 .0 .0 1.0 .0 .0
 1 2 3 88 88
 .0 .0 1.56317E+07 .451062 1130.0
 .0 .0 .1646814 1130.0
 .0 .0 .3842566 1130.0
 .0 .0 .0 1130.0
 .0 .0 .0 .0 1.0 .0 .0
 1 2 3 87 87
 .0 .0 1.57734E+07 .4481442 1130.0
 .0 .0 .1655568 1130.0
 .0 .0 .3862991 1130.0
 .0 .0 .0 1130.0
 .0 .0 .0 .0 1.0 .0 .0
 1 2 3 86 86
 .0 .0 1.59159E+07 .4452359 1130.0
 .0 .0 .1664292 1130.0
 .0 .0 .3883349 1130.0
 .0 .0 .0 1130.0
 .0 .0 .0 .0 1.0 .0 .0
 1 2 3 85 85
 .0 .0 1.60591E+07 .4423374 1130.0
 .0 .0 .1672988 1130.0
 .0 .0 .3903638 1130.0
 .0 .0 .0 1130.0
 .0 .0 .0 .0 1.0 .0 .0
 1 2 3 84 84
 .0 .0 1.62030E+07 .4394488 1130.0
 .0 .0 .1681654 1130.0
 .0 .0 .3923859 1130.0
 .0 .0 .0 1130.0
 .0 .0 .0 .0 1.0 .0 .0
 1 2 3 83 83
 .0 .0 1.63477E+07 .4365701 1130.0
 .0 .0 .169029 1130.0
 .0 .0 .3944009 1130.0
 .0 .0 .0 1130.0
 .0 .0 .0 .0 1.0 .0 .0
 1 2 3 82 82
 .0 .0 1.64931E+07 .4337018 1130.0
 .0 .0 .1698895 1130.0
 .0 .0 .3964088 1130.0
 .0 .0 .0 1130.0
 .0 .0 .0 .0 1.0 .0 .0
 1 2 3 81 81
 .0 .0 1.66393E+07 .4308437 1130.0
 .0 .0 .1707469 1130.0
 .0 .0 .3984094 1130.0
 .0 .0 .0 1130.0
 .0 .0 .0 .0 1.0 .0 .0
 1 2 3 80 80
 .0 .0 1.67861E+07 .4279962 1130.0
 .0 .0 .1716012 1130.0
 .0 .0 .4004027 1130.0
 .0 .0 .0 1130.0
 .0 .0 .0 .0 1.0 .0 .0
 1 2 3 79 79
 .0 .0 1.69338E+07 .4251593 1130.0
 .0 .0 .1724522 1130.0
 .0 .0 .4023885 1130.0
 .0 .0 .0 1130.0
 .0 .0 .0 .0 1.0 .0 .0
 1 2 3 78 78
 .0 .0 1.70821E+07 .4223332 1130.0
 .0 .0 .1733 1130.0
 .0 .0 .4043667 1130.0
 .0 .0 .0 1130.0
 .0 .0 .0 .0 1.0 .0 .0
 1 2 3 77 77
 .0 .0 1.72311E+07 .4195181 1130.0
 .0 .0 .1741446 1130.0
 .0 .0 .4063373 1130.0
 .0 .0 .0 1130.0
 .0 .0 .0 .0 1.0 .0 .0
 1 2 3 76 76
 .0 .0 1.73809E+07 .4167139 1130.0
 .0 .0 .1749858 1130.0
 .0 .0 .4083003 1130.0
 .0 .0 .0 1130.0
 .0 .0 .0 .0 1.0 .0 .0
 1 2 3 75 75
 .0 .0 1.75314E+07 .413921 1130.0
 .0 .0 .1758237 1130.0
 .0 .0 .4102553 1130.0
 .0 .0 .0 1130.0
 .0 .0 .0 .0 1.0 .0 .0
 1 2 3 74 74
 .0 .0 1.76826E+07 .4111395 1130.0
 .0 .0 .1766582 1130.0
 .0 .0 .4122023 1130.0
 .0 .0 .0 1130.0
 .0 .0 .0 .0 1.0 .0 .0
 1 2 3 73 73
 .0 .0 1.78345E+07 .4083694 1130.0
 .0 .0 .1774892 1130.0
 .0 .0 .4141414 1130.0
 .0 .0 .0 1130.0
 .0 .0 .0 .0 1.0 .0 .0
 1 2 3 72 72
 .0 .0 1.79872E+07 .4056107 1130.0
 .0 .0 .1783168 1130.0
 .0 .0 .4160725 1130.0
 .0 .0 .0 1130.0
 .0 .0 .0 .0 1.0 .0 .0
 1 2 3 71 71
 .0 .0 1.81405E+07 .4028637 1130.0
 .0 .0 .1791409 1130.0
 .0 .0 .4179954 1130.0
 .0 .0 .0 1130.0
 .0 .0 .0 .0 1.0 .0 .0
 1 2 3 70 70
 .0 .0 1.82945E+07 .4001287 1130.0
 .0 .0 .1799614 1130.0
 .0 .0 .4199099 1130.0
 .0 .0 .0 1130.0
 .0 .0 .0 .0 1.0 .0 .0
 1 2 3 69 69
 .0 .0 1.84492E+07 .3974054 1130.0
 .0 .0 .1807784 1130.0
 .0 .0 .4218162 1130.0
 .0 .0 .0 1130.0
 .0 .0 .0 .0 1.0 .0 .0
 1 2 3 68 68
 .0 .0 1.86047E+07 .3946942 1130.0
 .0 .0 .1815917 1130.0
 .0 .0 .423714 1130.0
 .0 .0 .0 1130.0
 .0 .0 .0 .0 1.0 .0 .0
 1 2 3 67 67
 .0 .0 1.87608E+07 .391995 1130.0
 .0 .0 .1824015 1130.0
 .0 .0 .4256035 1130.0
 .0 .0 .0 1130.0
 .0 .0 .0 .0 1.0 .0 .0
 1 2 3 66 66
 .0 .0 1.89176E+07 .389308 1130.0
 .0 .0 .1832076 1130.0
 .0 .0 .4274844 1130.0
 .0 .0 .0 1130.0
 .0 .0 .0 .0 1.0 .0 .0
 1 2 3 65 65
 .0 .0 1.90751E+07 .3866333 1130.0
 .0 .0 .18401 1130.0
 .0 .0 .4293567 1130.0
 .0 .0 .0 1130.0
 .0 .0 .0 .0 1.0 .0 .0
 1 2 3 64 64
 .0 .0 1.92332E+07 .383971 1130.0
 .0 .0 .1848087 1130.0
 .0 .0 .4312203 1130.0
 .0 .0 .0 1130.0
 .0 .0 .0 .0 1.0 .0 .0
 1 2 3 63 63
 .0 .0 1.93921E+07 .3813211 1130.0
 .0 .0 .1856037 1130.0
 .0 .0 .4330752 1130.0
 .0 .0 .0 1130.0
 .0 .0 .0 .0 1.0 .0 .0
 1 2 3 62 62
 .0 .0 1.95516E+07 .3786837 1130.0
 .0 .0 .1863949 1130.0
 .0 .0 .4349214 1130.0
 .0 .0 .0 1130.0
 .0 .0 .0 .0 1.0 .0 .0
 1 2 3 61 61
 .0 .0 1.97118E+07 .3760589 1130.0
 .0 .0 .1871823 1130.0
 .0 .0 .4367588 1130.0
 .0 .0 .0 1130.0
 .0 .0 .0 .0 1.0 .0 .0
 1 2 3 60 60
 .0 .0 1.98727E+07 .3734468 1130.0
 .0 .0 .187966 1130.0
 .0 .0 .4385873 1130.0
 .0 .0 .0 1130.0
 .0 .0 .0 .0 1.0 .0 .0
 1 2 3 59 59
 .0 .0 2.00342E+07 .3708473 1130.0
 .0 .0 .1887458 1130.0
 .0 .0 .4404069 1130.0
 .0 .0 .0 1130.0
 .0 .0 .0 .0 1.0 .0 .0
 1 2 3 58 58
 .0 .0 2.01964E+07 .3682608 1130.0
 .0 .0 .1895218 1130.0
 .0 .0 .4422174 1130.0
 .0 .0 .0 1130.0
 .0 .0 .0 .0 1.0 .0 .0
 1 2 3 57 57
 .0 .0 2.03593E+07 .3656871 1130.0
 .0 .0 .1902939 1130.0
 .0 .0 .444019 1130.0
 .0 .0 .0 1130.0
 .0 .0 .0 .0 1.0 .0 .0
 1 2 3 56 56
 .0 .0 2.05228E+07 .3631264 1130.0
 .0 .0 .1910621 1130.0
 .0 .0 .4458115 1130.0
 .0 .0 .0 1130.0
 .0 .0 .0 .0 1.0 .0 .0
 1 2 3 55 55
 .0 .0 2.06870E+07 .3605785 1130.0
 .0 .0 .1918265 1130.0
 .0 .0 .4475951 1130.0
 .0 .0 .0 1130.0
 .0 .0 .0 .0 1.0 .0 .0
 1 2 3 54 54
 .0 .0 2.08518E+07 .3580437 1130.0
 .0 .0 .1925869 1130.0
 .0 .0 .4493694 1130.0
 .0 .0 .0 1130.0
 .0 .0 .0 .0 1.0 .0 .0
 1 2 3 53 53
 .0 .0 2.10173E+07 .3555221 1130.0
 .0 .0 .1933434 1130.0
 .0 .0 .4511346 1130.0
 .0 .0 .0 1130.0
 .0 .0 .0 .0 1.0 .0 .0
 1 2 3 52 52
 .0 .0 2.11834E+07 .3530135 1130.0
 .0 .0 .194096 1130.0
 .0 .0 .4528905 1130.0
 .0 .0 .0 1130.0
 .0 .0 .0 .0 1.0 .0 .0
 1 2 3 51 51
 .0 .0 2.13501E+07 .3505182 1130.0
 .0 .0 .1948446 1130.0
 .0 .0 .4546373 1130.0
 .0 .0 .0 1130.0
 .0 .0 .0 .0 1.0 .0 .0
 1 2 3 50 50
 .0 .0 2.15175E+07 .3480359 1130.0
 .0 .0 .1955892 1130.0
 .0 .0 .4563749 1130.0
 .0 .0 .0 1130.0
 .0 .0 .0 .0 1.0 .0 .0
 1 2 3 49 49
 .0 .0 2.16855E+07 .345567 1130.0
 .0 .0 .1963299 1130.0
 .0 .0 .4581031 1130.0
 .0 .0 .0 1130.0
 .0 .0 .0 .0 1.0 .0 .0
 1 2 3 48 48
 .0 .0 2.18541E+07 .3431114 1130.0
 .0 .0 .1970666 1130.0
 .0 .0 .459822 1130.0
 .0 .0 .0 1130.0
 .0 .0 .0 .0 1.0 .0 .0
 1 2 3 47 47
 .0 .0 2.20234E+07 .340669 1130.0
 .0 .0 .1977993 1130.0
 .0 .0 .4615316 1130.0
 .0 .0 .0 1130.0
 .0 .0 .0 .0 1.0 .0 .0
 1 2 3 46 46
 .0 .0 2.21933E+07 .33824 1130.0
 .0 .0 .198528 1130.0
 .0 .0 .463232 1130.0
 .0 .0 .0 1130.0
 .0 .0 .0 .0 1.0 .0 .0
 1 2 3 45 45
 .0 .0 2.23638E+07 .3358243 1130.0
 .0 .0 .1992527 1130.0
 .0 .0 .464923 1130.0
 .0 .0 .0 1130.0
 .0 .0 .0 .0 1.0 .0 .0
 1 2 3 44 44
 .0 .0 2.25349E+07 .333422 1130.0
 .0 .0 .1999734 1130.0
 .0 .0 .4666046 1130.0
 .0 .0 .0 1130.0
 .0 .0 .0 .0 1.0 .0 .0
 1 2 3 43 43
 .0 .0 2.27067E+07 .3310331 1130.0
 .0 .0 .2006901 1130.0
 .0 .0 .4682768 1130.0
 .0 .0 .0 1130.0
 .0 .0 .0 .0 1.0 .0 .0
 1 2 3 42 42
 .0 .0 2.28790E+07 .3286576 1130.0
 .0 .0 .2014027 1130.0
 .0 .0 .4699397 1130.0
 .0 .0 .0 1130.0
 .0 .0 .0 .0 1.0 .0 .0
 1 2 3 41 41
 .0 .0 2.30519E+07 .3262957 1130.0
 .0 .0 .2021113 1130.0
 .0 .0 .471593 1130.0
 .0 .0 .0 1130.0
 .0 .0 .0 .0 1.0 .0 .0
 1 2 3 40 40
 .0 .0 2.32255E+07 .323947 1130.0
 .0 .0 .2028159 1130.0
 .0 .0 .4732371 1130.0
 .0 .0 .0 1130.0
 .0 .0 .0 .0 1.0 .0 .0
 1 2 3 39 39
 .0 .0 2.33996E+07 .3216119 1130.0
 .0 .0 .2035164 1130.0
 .0 .0 .4748716 1130.0
 .0 .0 .0 1130.0
 .0 .0 .0 .0 1.0 .0 .0
 1 2 3 38 38
 .0 .0 2.35744E+07 .3192902 1130.0
 .0 .0 .2042129 1130.0
 .0 .0 .4764969 1130.0
 .0 .0 .0 1130.0
 .0 .0 .0 .0 1.0 .0 .0
 1 2 3 37 37
 .0 .0 2.37497E+07 .316982 1130.0
 .0 .0 .2049054 1130.0
 .0 .0 .4781126 1130.0
 .0 .0 .0 1130.0
 .0 .0 .0 .0 1.0 .0 .0
 1 2 3 36 36
 .0 .0 2.39256E+07 .3146873 1130.0
 .0 .0 .2055939 1130.0
 .0 .0 .4797189 1130.0
 .0 .0 .0 1130.0
 .0 .0 .0 .0 1.0 .0 .0
 1 2 3 35 35
 .0 .0 2.41021E+07 .3124059 1130.0
 .0 .0 .2062782 1130.0
 .0 .0 .4813158 1130.0
 .0 .0 .0 1130.0
 .0 .0 .0 .0 1.0 .0 .0
 1 2 3 34 34
 .0 .0 2.42792E+07 .310138 1130.0
 .0 .0 .2069586 1130.0
 .0 .0 .4829034 1130.0
 .0 .0 .0 1130.0
 .0 .0 .0 .0 1.0 .0 .0
 1 2 3 33 33
 .0 .0 2.44569E+07 .3078836 1130.0
 .0 .0 .2076349 1130.0
 .0 .0 .4844815 1130.0
 .0 .0 .0 1130.0
 .0 .0 .0 .0 1.0 .0 .0
 1 2 3 32 32
 .0 .0 2.46351E+07 .3056426 1130.0
 .0 .0 .2083072 1130.0
 .0 .0 .4860502 1130.0
 .0 .0 .0 1130.0
 .0 .0 .0 .0 1.0 .0 .0
 1 2 3 31 31
 .0 .0 2.48139E+07 .3034151 1130.0
 .0 .0 .2089755 1130.0
 .0 .0 .4876094 1130.0
 .0 .0 .0 1130.0
 .0 .0 .0 .0 1.0 .0 .0
 1 2 3 30 30
 .0 .0 2.49933E+07 .301201 1130.0
 .0 .0 .2096397 1130.0
 .0 .0 .4891593 1130.0
 .0 .0 .0 1130.0
 .0 .0 .0 .0 1.0 .0 .0
 1 2 3 29 29
 .0 .0 2.51732E+07 .2990002 1130.0
 .0 .0 .2103 1130.0
 .0 .0 .4906998 1130.0
 .0 .0 .0 1130.0
 .0 .0 .0 .0 1.0 .0 .0
3,  1, 3,  1, 28
3,  4, 9,  1, 130
3, 10, 10, 1, 131
3, 11, 11, 1, 132
3, 12, 13, 1, 133
3, 14, 19, 1, 134
3, 20, 21, 1, 133
3, 22, 22, 1, 132
3, 23, 23, 1, 131
3, 24, 24, 1, 130
3  25, 26, 1, 129
3  27, 27, 1, 128
3  28, 29, 1, 126
3  30, 33, 1, 124
3  34, 35, 1, 123
3  36, 37, 1, 122
3  38, 39, 1, 121
3  40, 41, 1, 119
3  42, 43, 1, 118
3  44, 47, 1, 117
3  48, 51, 1, 116
3  52, 59, 1, 115
3  60, 60, 1, 114
3  61, 62, 1, 113
3  63, 66, 1, 112
3  67, 68, 1, 111
3  69, 70, 1, 110
3  71, 72, 1, 109
3  73, 75, 1, 108
3  76, 77, 1, 107
3  78, 81, 1, 106
3  82, 82, 1, 105
3  83, 84, 1, 103
3  85, 86, 1, 101
3  87, 89, 1, 100
3  90, 91, 1, 99
3  92, 97, 1, 98
3  98,101, 1, 97
3  102,103, 1, 96
3  104,104, 1, 95
3  105,107, 1, 94
3  108,111, 1, 93
3  112,113, 1, 92
3  114,117, 1, 91
3  118,120, 1, 90
3  121,123, 1, 89
3  124,126, 1, 88
3  127,128, 1, 87
3  129,130, 1, 86
3  131,132, 1, 85
3  133,135, 1, 84
3  136,138, 1, 83
3  139,140, 1, 82
3  141,143, 1, 81
3  144,148, 1, 80
3  149,151, 1, 79
3  152,153, 1, 78
3  154,156, 1, 77
3  157,158, 1, 76
3  159,160, 1, 75
3  161,162, 1, 74
3  163,164, 1, 73
3  165,166, 1, 72
3  167,168, 1, 71
3  169,170, 1, 70
3  171,172, 1, 69
3  173,174, 1, 68
3  175,176, 1, 67
3  177,178, 1, 66
3  179,180, 1, 65
3  181,182, 1, 64
3  183,184, 1, 63
3  185,186, 1, 62
3  187,188, 1, 61
3  189,190, 1, 60
3  191,192, 1, 59
3  193,194, 1, 58
3  195,197, 1, 57
2    1,  1, 29, 262
4    2,197, 262,262
4  197,197, 2,  262

