&control
 run_name = 'Strong_strombolian'
 job_type = '3D',
 restart_mode = 'from_scratch', ! ( from_scratch | restart )
 time =  0.00,
 tstop = 200.0,
 dt    = 0.01,
 tpr   = 1.0,
 tdump = 10.0
/
&model
/

&mesh
  nx = 90,
  ny = 90,
  nz = 70
/

&boundaries
/

&topography
/

&inlet
/

&atmosphere
/

&particles
  nsolid = 2, 
  diameter = 500., 30.,
  density = 1000., 2800.,
  sphericity = 1.0, 1.0,
  viscosity = 1.0, 0.5, 
  specific_heat = 1.2D3, 1.2D3, 
  thermal_conductivity = 2.0D0, 2.0D0
/

&numeric
  rungekut = 1,
  muscl = 0,
  omega = 1.00
/

'ROUGHNESS'
1, 1.D0, 5.D3  % IR(1/2),ZROUGH(I),ROUCHA

'MESH'
 200.00D0 200.00D0 200.00D0 200.00D0 200.00D0 
 200.00D0 200.00D0 200.00D0 200.00D0 200.00D0 200.00D0 191.88D0 172.19D0 154.52D0 138.66D0
 124.43D0 111.66D0 100.20D0  89.92D0  80.69D0  72.41D0  64.98D0  58.31D0  52.32D0  46.95D0
  42.14D0  37.81D0  33.93D0  30.45D0  27.32D0  24.52D0  22.00D0  19.74D0  17.72D0  15.90D0
  14.27D0  12.80D0  11.49D0  10.31D0   9.25D0   8.30D0   7.45D0   6.69D0   6.00D0   5.80D0
   5.80D0   6.00D0   6.69D0   7.45D0   8.30D0   9.25D0  10.31D0  11.49D0  12.80D0  14.27D0
  15.90D0  17.72D0  19.74D0  22.00D0  24.52D0  27.32D0  30.45D0  33.93D0  37.81D0  42.14D0
  46.95D0  52.32D0  58.31D0  64.98D0  72.41D0  80.69D0  89.92D0 100.20D0 111.66D0 124.43D0
 138.66D0 154.52D0 172.19D0 191.88D0 200.00D0 200.00D0 200.00D0 200.00D0 200.00D0 200.00D0
 200.00D0 200.00D0 200.00D0 200.00D0 200.00D0 

 200.00D0 200.00D0 200.00D0 200.00D0 200.00D0
 200.00D0 200.00D0 200.00D0 200.00D0 200.00D0 200.00D0 191.88D0 172.19D0 154.52D0 138.66D0
 124.43D0 111.66D0 100.20D0  89.92D0  80.69D0  72.41D0  64.98D0  58.31D0  52.32D0  46.95D0
  42.14D0  37.81D0  33.93D0  30.45D0  27.32D0  24.52D0  22.00D0  19.74D0  17.72D0  15.90D0
  14.27D0  12.80D0  11.49D0  10.31D0   9.25D0   8.30D0   7.45D0   6.69D0   6.00D0   5.80D0
   5.80D0   6.00D0   6.69D0   7.45D0   8.30D0   9.25D0  10.31D0  11.49D0  12.80D0  14.27D0
  15.90D0  17.72D0  19.74D0  22.00D0  24.52D0  27.32D0  30.45D0  33.93D0  37.81D0  42.14D0
  46.95D0  52.32D0  58.31D0  64.98D0  72.41D0  80.69D0  89.92D0 100.20D0 111.66D0 124.43D0
 138.66D0 154.52D0 172.19D0 191.88D0 200.00D0 200.00D0 200.00D0 200.00D0 200.00D0 200.00D0
 200.00D0 200.00D0 200.00D0 200.00D0 200.00D0 

  20.00D0  20.00D0  20.00D0  20.00D0  20.00D0  20.00D0  20.00D0  20.00D0  20.00D0  20.00D0
  20.00D0  21.91D0  24.01D0  26.30D0  28.81D0  31.57D0  34.58D0  37.89D0  41.51D0  45.48D0
  49.82D0  54.59D0  59.80D0  65.52D0  71.78D0  78.64D0  86.16D0  94.39D0 103.41D0 113.30D0
 124.12D0 135.99D0 148.98D0 163.22D0 178.82D0 195.91D0 200.00D0 200.00D0 200.00D0 200.00D0
 200.00D0 200.00D0 200.00D0 200.00D0 200.00D0 200.00D0 200.00D0 200.00D0 200.00D0 200.00D0
 200.00D0 200.00D0 200.00D0 200.00D0 200.00D0 200.00D0 200.00D0 200.00D0 200.00D0 200.00D0
 200.00D0 200.00D0 200.00D0 200.00D0 200.00D0 200.00D0 200.00D0 200.00D0 200.00D0 200.00D0

'FIXED_FLOWS'
7
3, 1  , 90, 1 , 90, 1, 1
5, 45 , 46, 45, 46, 1, 1
0.0, 0.0, 117.56, 2.69D6, 0.872, 1350
0.0, 0.0, 106.63, 0.033, 1350
0.0, 0.0, 106.63, 0.095, 1350
0.D0, 0.D0, 0.D0, 0.D0, 1.D0, 0.D0, 0.D0  
4, 1  , 1  , 1  , 90 , 2 , 70
4, 90 , 90 , 1  , 90 , 2 , 70
4, 1  , 90 , 1  , 1  , 2 , 70
4, 1  , 90 , 90 , 90 , 2 , 70
4, 1  , 90 , 1  , 90 , 70, 70
