&control
 run_name = 'Sim_A3_1996',
 job_type = '3D',
 restart_mode = 'from_scratch', ! ( from_scratch | restart )
 time =  0.00,
 tstop = 400.0,
 dt    = 0.025,
 tpr   = 10.0,
 tdump = 20.0
/

&model
  cmut = 0.33
/

&mesh
  itc = 0, 
  nx = 100,
  ny = 100,
  nz = 80
/

&boundaries
  east = 4,
  west = 4,
  north = 4,
  south = 4,
  top   = 4,
  bottom = 3,
  itp = 0
/

&inlet
  ivent = 1,
  xvent = 5300.0,
  yvent = 5300.0,
  radius = 50.0,
  u_gas = 0.D0,
  v_gas = 0.D0,
  w_gas = 120.D0,
  p_gas = 1.01325D5,
  t_gas  = 1200.D0,
  u_solid = 0.D0, 0.D0
  v_solid = 0.D0, 0.D0
  w_solid = 120.D0, 120.D0
  ep_solid = 0.005D0, 0.005D0
  t_solid  = 1200.D0, 1200.D0
  vent_H2O = 1.D0, 
  vent_Air = 0.D0
/

&atmosphere
/

&particles
  nsolid = 2, 
  diameter = 10., 200.
  density = 2300., 2300., 
  sphericity = 1.0, 1.0
  viscosity = 0.5, 1.0
  specific_heat = 1.2D3, 1.2D3
  thermal_conductivity = 2.0D0, 2.0D0
/

&numeric
  rungekut = 1,
  muscl = 0,
  beta  = 0.25,
  lim_type = 4,
  omega = 1.00,
  maxout = 500
/

'ROUGHNESS'
1, 1.D0, 5.D3  % IR(1/2),ZROUGH(I),ROUCHA

'MESH'
 200.00D0 200.00D0 200.00D0 200.00D0 200.00D0 200.00D0 200.00D0 200.00D0 200.00D0 200.00D0
 200.00D0 194.00D0 188.00D0 182.00D0 176.00D0 170.00D0 164.00D0 158.00D0 152.00D0 146.00D0
 140.00D0 134.00D0 128.00D0 122.00D0 116.00D0 110.00D0 104.00D0  98.00D0  92.00D0  86.00D0
  80.00D0  74.00D0  68.00D0  62.00D0  56.00D0  50.00D0  44.00D0  38.00D0  32.00D0  26.00D0
  20.00D0  20.00D0  20.00D0  20.00D0  20.00D0  20.00D0  20.00D0  20.00D0  20.00D0  20.00D0
  20.00D0  20.00D0  20.00D0  20.00D0  20.00D0  20.00D0  20.00D0  20.00D0  20.00D0  20.00D0
  26.00D0  32.00D0  38.00D0  44.00D0  50.00D0  56.00D0  62.00D0  68.00D0  74.00D0  80.00D0
  86.00D0  92.00D0  98.00D0 104.00D0 110.00D0 116.00D0 122.00D0 128.00D0 134.00D0 140.00D0
 146.00D0 152.00D0 158.00D0 164.00D0 170.00D0 176.00D0 182.00D0 188.00D0 194.00D0 200.00D0
 200.00D0 200.00D0 200.00D0 200.00D0 200.00D0 200.00D0 200.00D0 200.00D0 200.00D0 200.00D0

 200.00D0 200.00D0 200.00D0 200.00D0 200.00D0 200.00D0 200.00D0 200.00D0 200.00D0 200.00D0
 200.00D0 194.00D0 188.00D0 182.00D0 176.00D0 170.00D0 164.00D0 158.00D0 152.00D0 146.00D0
 140.00D0 134.00D0 128.00D0 122.00D0 116.00D0 110.00D0 104.00D0  98.00D0  92.00D0  86.00D0
  80.00D0  74.00D0  68.00D0  62.00D0  56.00D0  50.00D0  44.00D0  38.00D0  32.00D0  26.00D0
  20.00D0  20.00D0  20.00D0  20.00D0  20.00D0  20.00D0  20.00D0  20.00D0  20.00D0  20.00D0
  20.00D0  20.00D0  20.00D0  20.00D0  20.00D0  20.00D0  20.00D0  20.00D0  20.00D0  20.00D0
  26.00D0  32.00D0  38.00D0  44.00D0  50.00D0  56.00D0  62.00D0  68.00D0  74.00D0  80.00D0
  86.00D0  92.00D0  98.00D0 104.00D0 110.00D0 116.00D0 122.00D0 128.00D0 134.00D0 140.00D0
 146.00D0 152.00D0 158.00D0 164.00D0 170.00D0 176.00D0 182.00D0 188.00D0 194.00D0 200.00D0
 200.00D0 200.00D0 200.00D0 200.00D0 200.00D0 200.00D0 200.00D0 200.00D0 200.00D0 200.00D0

  30.00D0  30.00D0  30.00D0  30.00D0  30.00D0  30.00D0  30.00D0  30.00D0  30.00D0  30.00D0
  30.00D0  30.00D0  30.00D0  30.00D0  30.00D0  30.00D0  30.00D0  30.00D0  30.00D0  30.00D0
  30.00D0  30.00D0  30.00D0  30.00D0  30.00D0  30.00D0  30.00D0  30.00D0  30.00D0  30.00D0
  34.98D0  39.97D0  44.95D0  49.93D0  54.91D0  59.90D0  64.88D0  69.86D0  74.84D0  79.83D0
  84.81D0  89.79D0  94.78D0  99.76D0 104.74D0 109.72D0 114.71D0 119.69D0 124.67D0 129.66D0
 134.64D0 139.62D0 144.60D0 149.59D0 154.57D0 159.55D0 164.53D0 169.52D0 174.50D0 179.48D0
 184.47D0 189.45D0 194.43D0 199.41D0 200.00D0 200.00D0 200.00D0 200.00D0 200.00D0 200.00D0
 200.00D0 200.00D0 200.00D0 200.00D0 200.00D0 200.00D0 200.00D0 200.00D0 200.00D0 200.00D0

'FIXED_FLOWS'
0
