
&control
 run_name = 'LL_w2_t950_A'
 job_type = '2D',
 restart_mode = 'from_scratch',
 time =  0.00,
 tstop = 800.0,
 dt    = 0.01,
 tpr   = 5.0,
 tdump = 10.0
/
&model
 iss = 0,
 repulsive_model = 1,
 iturb = 2
/

&mesh
  nx = 146,
  nz = 251,
  itc = 1,
  iuni = 0
/

&boundaries
/

&topography
  itp = 0
/

&inlet
/

&dome
/

&atmosphere
/

&particles
  nsolid = 2, 
  diameter = 30., 500.
  density = 2800., 1000.,
  sphericity = 1.0, 1.0,
  viscosity = 0.5,  1.0,
  specific_heat = 1.2D3, 1.2D3, 
  thermal_conductivity = 2.0D0, 2.0D0
/

&numeric
  rungekut = 1,
  muscl = 0,
  omega = 1.00
/

'ROUGHNESS'
2, 1.D0, 2.D0, 5.D1

'MESH'

0.75D1, 0.75D1, 1.D1, 1.D1, 1.D1, 1.D1, 1.D1, 1.D1, 1.D1, 1.D1, 1.D1,
1.D1, 1.D1, 1.D1, 1.D1, 1.D1, 1.D1, 1.D1, 1.D1, 1.D1, 1.D1,
1.D1, 1.D1, 1.D1, 1.D1, 1.D1, 1.D1, 1.D1, 1.D1, 1.D1, 1.D1,
1.D1, 1.D1, 1.D1, 1.D1, 1.D1, 1.D1, 1.D1, 1.D1, 1.D1, 1.D1,
1.D1, 1.D1, 1.D1, 1.D1, 1.D1, 1.D1, 1.D1, 1.D1, 1.D1, 1.D1,
2.D1, 2.D1, 2.D1, 2.D1, 2.D1, 3.D1, 3.D1, 3.D1, 3.D1, 3.D1,
4.D1, 4.D1, 4.D1, 4.D1, 4.D1, 5.D1, 5.D1, 5.D1, 5.D1, 5.D1,
6.D1, 6.D1, 6.D1, 6.D1, 6.D1, 7.D1, 7.D1, 7.D1, 7.D1, 7.D1,
8.D1, 8.D1, 8.D1, 8.D1, 8.D1, 9.D1, 9.D1, 9.D1, 9.D1, 9.D1,
1.D2, 1.D2, 1.D2, 1.D2, 1.D2, 1.D2, 1.D2, 1.D2, 1.D2, 1.D2,
1.D2, 1.D2, 1.D2, 1.D2, 1.D2, 1.D2, 1.D2, 1.D2, 1.D2, 1.D2,
1.D2, 1.D2, 1.D2, 1.D2, 1.D2, 1.D2, 1.D2, 1.D2, 1.D2, 1.D2,
1.D2, 1.D2, 1.D2, 1.D2, 1.D2, 1.D2, 1.D2, 1.D2, 1.D2, 1.D2,
1.D2, 1.D2, 1.D2, 1.D2, 1.D2, 1.D2, 1.D2, 1.D2, 1.D2, 1.D2,
1.D2, 1.D2, 1.D2, 1.D2, 1.D2

1.D1, 1.D1, 1.D1, 1.D1, 1.D1, 1.D1, 1.D1, 1.D1, 1.D1, 1.D1, 1.D1,
1.D1, 1.D1, 1.D1, 1.D1, 1.D1, 1.D1, 1.D1, 1.D1, 1.D1, 1.D1,
1.D1, 1.D1, 1.D1, 1.D1, 1.D1, 1.D1, 1.D1, 1.D1, 1.D1, 1.D1,
1.D1, 1.D1, 1.D1, 1.D1, 1.D1, 1.D1, 1.D1, 1.D1, 1.D1, 1.D1,
1.D1, 1.D1, 1.D1, 1.D1, 1.D1, 1.D1, 1.D1, 1.D1, 1.D1, 1.D1,
1.D1, 1.D1, 1.D1, 1.D1, 1.D1, 1.D1, 1.D1, 1.D1, 1.D1, 1.D1,
1.D1, 1.D1, 1.D1, 1.D1, 1.D1, 1.D1, 1.D1, 1.D1, 1.D1, 1.D1,
1.D1, 1.D1, 1.D1, 1.D1, 1.D1, 1.D1, 1.D1, 1.D1, 1.D1, 1.D1,
1.D1, 1.D1, 1.D1, 1.D1, 1.D1, 1.D1, 1.D1, 1.D1, 1.D1, 1.D1,
1.D1, 1.D1, 1.D1, 1.D1, 1.D1, 1.D1, 1.D1, 1.D1, 1.D1, 1.D1,
1.D1, 1.D1, 1.D1, 1.D1, 1.D1, 1.D1, 1.D1, 1.D1, 1.D1, 1.D1,
1.D1, 1.D1, 1.D1, 1.D1, 1.D1, 1.D1, 1.D1, 1.D1, 1.D1, 1.D1,
2.D1, 2.D1, 2.D1, 2.D1, 2.D1, 3.D1, 3.D1, 3.D1, 3.D1, 3.D1,
4.D1, 4.D1, 4.D1, 4.D1, 4.D1, 5.D1, 5.D1, 5.D1, 5.D1, 5.D1,
6.D1, 6.D1, 6.D1, 6.D1, 6.D1, 7.D1, 7.D1, 7.D1, 7.D1, 7.D1,
8.D1, 8.D1, 8.D1, 8.D1, 8.D1, 9.D1, 9.D1, 9.D1, 9.D1, 9.D1,
1.D2, 1.D2, 1.D2, 1.D2, 1.D2, 1.2D2, 1.2D2, 1.2D2, 1.2D2, 1.2D2,
1.4D2, 1.4D2, 1.4D2, 1.4D2, 1.4D2, 1.6D2, 1.6D2, 1.6D2, 1.6D2, 1.6D2,
1.8D2, 1.8D2, 1.8D2, 1.8D2, 1.8D2, 2.D2, 2.D2, 2.D2, 2.D2, 2.D2, 
2.5D2, 2.5D2, 2.5D2, 2.5D2, 2.5D2, 3.D2, 3.D2, 3.D2, 3.D2, 3.D2, 
3.5D2, 3.5D2, 3.5D2, 3.5D2, 3.5D2, 4.D2, 4.D2, 4.D2, 4.D2, 4.D2, 
4.5D2, 4.5D2, 4.5D2, 4.5D2, 4.5D2, 5.D2, 5.D2, 5.D2, 5.D2, 5.D2, 
6.D2, 6.D2, 6.D2, 6.D2, 6.D2, 7.D2, 7.D2, 7.D2, 7.D2, 7.D2, 
8.D2, 8.D2, 8.D2, 8.D2, 8.D2, 9.D2, 9.D2, 9.D2, 9.D2, 9.D2, 
1.D3, 1.D3, 1.D3, 1.D3, 1.D3, 1.D3, 1.D3, 1.D3, 1.D3, 1.D3

'FIXED_FLOWS'
116
5, 2, 7, 98, 98
0.0, 137.10, 17.0D5, 0.9069, 1223.0
0.0, 137.10, 0.0245, 1223.0
0.0, 137.10, 0.0686, 1223.0
0.0, 0.0, 0.0, 0.0, 1.0, 0.0, 0.0  
3, 1, 7, 1, 97
3, 8, 8, 1, 99
3, 9, 9, 1, 100
3, 10, 10, 1, 101
3, 11, 11, 1, 102
3, 12, 12, 1, 103
3, 13, 13, 1, 104
3, 14, 14, 1, 105
3, 15, 15, 1, 106
3, 16, 16, 1, 107
3, 17, 17, 1, 108
3, 18, 18, 1, 109
3, 19, 19, 1, 110
3, 20, 20, 1, 111
3, 21, 21, 1, 112
3, 22, 22, 1, 113
3, 23, 23, 1, 114
3, 24, 24, 1, 115
3, 25, 25, 1, 116
3, 26, 26, 1, 117
3, 27, 27, 1, 118
3, 28, 29, 1, 119
3, 30, 30, 1, 118
3, 31, 31, 1, 117
3, 32, 32, 1, 116
3, 33, 34, 1, 115
3, 35, 35, 1, 114
3, 36, 36, 1, 113
3, 37, 37, 1, 112
3, 38, 39, 1, 111
3, 40, 40, 1, 110
3, 41, 41, 1, 109
3, 42, 42, 1, 108
3, 43, 44, 1, 107
3, 45, 45, 1, 106
3, 46, 46, 1, 105
3, 47, 47, 1, 104
3, 48, 49, 1, 103
3, 50, 50, 1, 102
3, 51, 51, 1, 101
3, 52, 52, 1, 100
3, 53, 53, 1, 98
3, 54, 54, 1, 96
3, 55, 55, 1, 94
3, 56, 56, 1, 92
3, 57, 57, 1, 91
3, 58, 58, 1, 90
3, 59, 59, 1, 89
3, 60, 60, 1, 87
3, 61, 61, 1, 86
3, 62, 62, 1, 85
3, 63, 63, 1, 84
3, 64, 64, 1, 82
3, 65, 65, 1, 81
3, 66, 66, 1, 79
3, 67, 67, 1, 78
3, 68, 68, 1, 76
3, 69, 69, 1, 75
3, 70, 70, 1, 73
3, 71, 71, 1, 71
3, 72, 72, 1, 70
3, 73, 73, 1, 68
3, 74, 74, 1, 67
3, 75, 75, 1, 66
3, 76, 76, 1, 65
3, 77, 77, 1, 64
3, 78, 78, 1, 62
3, 79, 79, 1, 60
3, 80, 80, 1, 59
3, 81, 81, 1, 58
3, 82, 82, 1, 56
3, 83, 83, 1, 55
3, 84, 84, 1, 53
3, 85, 85, 1, 52
3, 86, 86, 1, 50
3, 87, 87, 1, 49
3, 88, 88, 1, 47
3, 89, 89, 1, 46
3, 90, 90, 1, 44
3, 91, 91, 1, 43
3, 92, 92, 1, 41
3, 93, 93, 1, 40
3, 94, 94, 1, 38
3, 95, 95, 1, 36
3, 96, 96, 1, 34
3, 97, 97, 1, 32
3, 98, 98, 1, 30
3, 99, 99, 1, 28
3, 100, 100, 1, 26
3, 101, 101, 1, 24
3, 102, 103, 1, 22
3, 104, 104, 1, 21
3, 105, 106, 1, 20
3, 107, 107, 1, 19
3, 108, 109, 1, 18
3, 110, 110, 1, 17
3, 111, 112, 1, 16
3, 113, 113, 1, 15
3, 114, 115, 1, 14
3, 116, 116, 1, 13
3, 117, 118, 1, 12
3, 119, 119, 1, 11
3, 120, 121, 1, 10
3, 122, 122, 1, 9
3, 123, 124, 1, 8
3, 125, 125, 1, 7
3, 126, 127, 1, 6
3, 128, 128, 1, 5
3, 129, 130, 1, 4
3, 131, 131, 1, 3
3, 132, 133, 1, 2
3, 134, 146, 1, 1
2, 1, 1, 98, 251
4, 2, 146, 251, 251
4, 146, 146, 2, 251 
